84400020
00000020
00000000
40000028
84400020
00000000
00000000
40000080
84400020
00000008
00000000
40480000
84400020
00000010
00000000
40000000
84400020
00000018
00000000
40000000
84400020
00000020
00000000
40000000
84400020
00000028
00000000
40000000
84400020
00000030
00000000
40000000
84400020
00000038
00000000
40000000
84400020
00000040
00000000
40000000
84400020
00000048
00000100
40000018
84400020
00000050
000007f8
47fffff8
84400020
00000058
00000000
40000000
84400020
00000060
00000000
40000000
84400020
00000068
00000000
40000000
84400020
00000070
00000000
40000000
84400020
00000078
00000000
40000000
84400020
00000080
00000000
40000000
84400020
00000088
00000000
40000000
84400020
00000090
00000000
40000000
84400020
00000098
00000000
40000000
84400020
000000a0
00000000
40000000
84400020
000000a8
00000000
40000000
84400020
000000b0
00000000
40000000
84400020
000000b8
00000000
40000000
84400020
000000c0
00000000
40000000
84400020
000000c8
00000000
40000000
84400020
000000d0
00000000
40000000
84400020
000000d8
00000000
40000000
84400020
000000e0
00000000
40000000
84400020
000000e8
00000000
40a000a0
84400020
000000f0
00000000
40000000
84400020
000000f8
00000000
40000000
84400020
00004000
00000000
40000000
84400020
00004008
00000000
400003f8
84400020
00004010
00000000
40000000
84400020
00004018
00000000
40000000
84400020
00004020
00000000
40000000
84400020
00004028
00000000
40000000
84400020
00004030
00000000
40000000
84400020
00004038
00000000
40000000
84400020
00004040
00000000
40000000
84400020
00004048
00000000
40000000
84400020
00004050
00000000
40000000
84400020
00004058
00000000
40000000
84400020
00004060
00000000
40000000
84400020
00004068
00000000
40000000
84400020
00004070
00000000
40000000
84400020
00004078
00000000
40000000
84400020
00008000
00000000
40040220
84400020
00008008
00000000
40004cc0
84400020
00008010
00000000
40000c00
84400020
00008018
00000000
40010c08
84400020
00008020
00000000
400000c0
84400020
00008028
00000000
40010c08
84400020
00008030
00000000
400000c0
84400020
00008038
00000000
40010c08
84400020
00008040
00000000
400000c0
84400020
00008048
00000000
40010220
84400020
00008050
00000000
40046000
84400020
00008058
00000000
40060068
84400020
00008060
00000000
40042200
84400020
00008068
00000000
40064000
84400020
00040000
00000000
40010000
84400020
00040008
00000000
40018000
84400020
00040010
00000018
40840000
84400020
00040018
00000018
40840008
84400020
00080000
00005400
40100058
84400020
00080008
00005400
40100060
84400020
00080010
00005400
40100068
84400020
00080018
00005400
40100070
84400020
00080020
00005400
40100078
84400020
00080028
00005400
40100080
84400020
00080030
00005400
40100088
84400020
00080038
00005400
40100090
84400020
00080040
00005400
40100098
84400020
00080048
00005400
401000a0
84400020
00080050
00000008
40000000
84400020
00080058
04f67000
40000000
84400020
00080060
05bce000
40000000
84400020
00080068
06783000
40000000
84400020
00080070
05da1800
40000000
84400020
00080078
040ff000
40000000
84400020
00080080
05e19000
40000000
84400020
00080088
00120800
40000000
84400020
00080090
00007000
40000000
84400020
00080098
02e3f800
40000000
84400020
000800a0
01009800
40000000
c0000001
c0000000
e00f4240
84400020
000000a8
00000000
40000008
84400020
00000020
00000000
40000008
